groups 248   Q calls 1933   judged rows 3968
Q parsed to grid: 1933/1933 (0.0% invalid)   with-ref share: 92.1%
rollouts 3968, exceeded g: 1685 (42.5%)

==============================================================================
HEADLINE -- matched: mean_i(Q_i) vs mean_i(r_i) over rollouts that reached the cut
==============================================================================
groups 144   mean Q 0.5208   mean r 0.4960   BIAS +0.0248   corr 0.9003   MAE 0.1212
cells: 0,0,11;0,1,4;1,0,18;1,1,4;1,2,1;1,4,1;2,0,5;2,1,5;2,3,1;2,4,1;2,5,1;2,8,1;3,0,2;3,1,2;3,3,2;3,5,1;3,9,1;4,0,1;4,1,1;4,2,1;4,3,2;4,5,2;4,7,1;5,1,1;5,5,1;5,6,1;6,1,1;6,2,1;6,3,1;6,5,1;6,6,1;6,7,1;6,8,2;7,6,1;7,7,2;7,9,1;8,7,1;8,8,3;8,9,4;8,10,7;9,2,1;9,8,2;9,9,4;9,10,12;10,0,1;10,7,1;10,8,2;10,9,2;10,10,20

rollout level (same rollout, Q_i vs r_i)
  n 1685   mean Q 0.4728   mean r 0.4543   BIAS +0.0184   corr 0.7138   MAE 0.2001

context only -- mean_i(Q_i) vs the group's ALL-16 mean reward
(different denominators; see the selection-effect note in the docstring)
  groups 144   mean Q 0.5208   mean r 0.5021   BIAS +0.0187   corr 0.8989   MAE 0.1182

==============================================================================
SHORT-LANE GROUP SIGNAL: z_Q (hybrid r/Q) vs z_true (all-16 judge)
==============================================================================
groups 248   z_Q 0.6634   z_true 0.6556   BIAS +0.0078   corr 0.9741   MAE 0.0498
  mean share of each group substituted by Q: 42.5%
  constant predictor MAE 0.3814   (z_Q MAE above)
BANKSIZE 2949
PAIRS 0.1250,0.1893,0.438,1;1.0000,1.0000,0.000,1;0.8036,0.8036,0.000,1;0.9732,0.9375,0.375,1;1.0000,1.0000,0.188,1;0.9911,0.9536,0.688,1;1.0000,0.9250,0.500,1;1.0000,0.8812,0.750,1;0.9911,0.9286,0.812,1;0.8125,0.9563,1.000,1;0.6786,0.6875,1.000,1;1.0000,1.0000,0.000,1;0.0625,0.0625,0.000,1;1.0000,1.0000,0.188,1;0.3125,0.3125,0.000,1;0.9821,0.9821,0.000,1;0.3036,0.3312,0.938,1;0.9286,0.9286,0.000,1;0.1250,0.2687,0.438,1;0.0000,0.0063,0.125,1;0.7589,0.8125,0.500,1;0.2946,0.1438,0.750,1;0.7500,0.2375,1.000,1;0.9732,0.8875,0.938,1;1.0000,1.0000,0.000,1;1.0000,1.0000,0.250,1;0.0714,0.4313,0.812,0;0.1786,0.2259,0.062,1;0.0000,0.2250,0.938,1;0.9821,0.8848,0.500,1;0.9286,0.8125,1.000,1;1.0000,1.0000,0.000,1;0.7321,0.7598,0.688,1;0.9911,0.9911,0.000,1;0.9375,0.9375,0.000,1;0.9821,0.9598,0.875,1;0.0625,0.0000,0.938,0;1.0000,1.0000,0.000,1;1.0000,1.0000,0.000,1;0.9375,0.9911,0.188,1;0.0000,0.0187,1.000,0;0.0357,0.1250,1.000,1;1.0000,0.9437,0.062,1;1.0000,1.0000,0.062,1;0.0000,0.0188,1.000,1;1.0000,1.0000,0.000,1;0.0000,0.0312,0.562,1;0.9911,0.8250,0.812,1;0.9375,0.9938,0.250,1;1.0000,1.0000,0.000,1;1.0000,1.0000,0.000,1;1.0000,1.0000,0.312,1;0.7411,0.6250,0.875,1;0.8571,0.9563,1.000,1;0.9911,0.9911,0.125,1;0.7857,0.5813,0.938,1;0.0000,0.0000,0.000,0;0.9018,0.9018,0.000,1;1.0000,1.0000,0.000,1;0.9643,0.9250,1.000,1;0.0804,0.3438,1.000,0;0.5089,0.2750,0.875,1;1.0000,1.0000,0.000,1;1.0000,1.0000,0.000,1;0.5357,0.2812,1.000,1;1.0000,0.9750,1.000,1;0.6607,0.5188,0.938,1;0.9375,0.9375,0.000,1;0.9821,0.9821,0.062,1;1.0000,1.0000,0.000,1;0.0893,0.0893,0.000,1;0.0000,0.2062,1.000,1;0.7500,0.7875,0.750,1;1.0000,1.0000,0.000,1;1.0000,1.0000,0.000,1;0.0268,0.4313,1.000,1;0.7411,0.7411,0.000,1;0.9286,0.7188,1.000,1;1.0000,1.0000,0.250,1;0.9375,0.9375,0.000,1;0.9911,0.9911,0.000,1;0.0000,0.1125,0.938,1;1.0000,1.0000,0.000,1;0.0536,0.0375,1.000,1;0.0089,0.0688,1.000,0;1.0000,1.0000,0.000,1;1.0000,1.0000,0.188,1;1.0000,1.0000,0.000,1;1.0000,1.0000,0.312,1;0.0000,0.0000,1.000,0;0.0089,0.0875,1.000,0;0.7857,0.7857,0.000,1;0.0804,0.2839,0.312,1;1.0000,1.0000,0.000,1;0.9286,0.8938,0.312,1;0.0625,0.0598,0.188,1;0.7321,0.3937,0.938,1;1.0000,1.0000,0.000,1;0.0625,0.0625,0.000,1;0.9911,0.9911,0.000,1;0.0625,0.0437,0.125,1;0.0625,0.0375,1.000,1;0.9911,0.9938,0.188,1;0.0089,0.1875,1.000,1;1.0000,1.0000,0.000,1;0.9375,0.8875,1.000,1;0.0000,0.0063,1.000,0;1.0000,1.0000,0.000,1;1.0000,1.0000,0.000,1;0.9196,0.9196,0.000,1;0.4107,0.4107,0.000,1;0.9464,0.8938,0.875,1;0.7946,0.7875,1.000,1;0.0089,0.0000,1.000,0;1.0000,1.0000,0.000,1;1.0000,1.0000,0.000,1;0.8839,0.9161,0.875,1;1.0000,0.9000,1.000,1;0.1339,0.2571,0.500,1;0.9911,0.9848,0.375,1;0.9821,0.9598,0.375,1;0.4375,0.5125,0.812,1;0.9911,0.9313,1.000,1;1.0000,0.9625,0.750,1;0.9821,0.9821,0.062,1;0.3125,0.5875,1.000,1;0.1696,0.4866,0.812,1;1.0000,1.0000,0.000,1;0.9911,0.8688,1.000,1;1.0000,1.0000,0.000,1;0.0625,0.0938,1.000,1;0.0000,0.0813,1.000,1;0.9375,0.9187,0.125,1;1.0000,0.9688,0.438,1;0.5536,0.6125,1.000,1;0.0000,0.0875,0.938,1;0.3661,0.1125,1.000,1;0.0179,0.0938,1.000,1;1.0000,1.0000,0.000,1;0.9821,0.9821,0.000,1;0.0000,0.0063,1.000,0;1.0000,1.0000,0.000,1;0.0179,0.2054,0.188,1;0.0000,0.2375,1.000,1;0.9821,0.9812,1.000,1;1.0000,1.0000,0.000,1;0.9286,0.8973,0.312,1;0.1339,0.1938,0.125,0;1.0000,1.0000,0.000,1;1.0000,1.0000,0.000,1;0.9911,0.9911,0.000,1;0.9375,0.9313,0.938,1;0.1071,0.1161,0.938,1;1.0000,1.0000,0.000,1;0.6250,0.6714,0.688,1;0.0714,0.1411,0.875,1;1.0000,1.0000,0.000,1;0.0000,0.0688,1.000,0;0.0804,0.1437,0.312,1;0.2143,0.1321,0.750,1;0.0179,0.2687,1.000,1;1.0000,1.0000,0.000,1;0.1696,0.1821,0.125,1;0.9911,0.9911,0.000,1;1.0000,1.0000,0.000,1;0.3125,0.3125,0.000,1;0.0625,0.1750,0.938,1;0.0714,0.3875,0.938,1;0.0357,0.0839,0.312,0;1.0000,1.0000,0.000,1;0.8214,0.7750,0.938,1;0.4643,0.4616,0.062,1;1.0000,1.0000,0.000,1;1.0000,1.0000,0.000,1;0.0000,0.0063,0.125,1;0.9911,0.9911,0.000,1;1.0000,1.0000,0.000,1;0.2589,0.2687,1.000,1;0.9911,0.9911,0.000,1;1.0000,1.0000,0.000,1;0.9911,0.9911,0.000,1;0.0000,0.0000,0.000,1;0.0714,0.1875,1.000,1;0.1786,0.1786,0.000,1;0.8929,0.8330,0.375,1;0.8571,0.8536,0.688,1;0.9286,0.8375,1.000,1;1.0000,1.0000,0.000,1;0.9286,0.9286,0.000,1;0.9911,0.9911,0.000,1;1.0000,1.0000,0.000,1;1.0000,0.9938,0.562,1;0.6518,0.7054,0.062,1;1.0000,1.0000,0.000,1;0.0000,0.0000,0.062,1;0.4643,0.5875,1.000,1;1.0000,1.0000,0.000,1;1.0000,1.0000,0.250,1;1.0000,1.0000,0.000,1;0.8214,0.5777,0.438,1;1.0000,0.9563,0.062,1;1.0000,1.0000,0.750,1;0.7679,0.9313,1.000,1;0.0000,0.1250,1.000,1;0.0000,0.0188,1.000,0;0.1250,0.1196,0.125,0;0.9732,0.9437,1.000,1;1.0000,1.0000,0.000,1;0.4286,0.4098,0.688,1;0.9732,0.9732,0.000,1;0.2054,0.1375,1.000,1;1.0000,1.0000,0.000,1;1.0000,0.9938,0.375,1;1.0000,0.9938,0.188,1;0.9286,0.9688,1.000,1;1.0000,0.9938,0.062,1;1.0000,1.0000,0.000,1;0.5804,0.6000,0.688,1;1.0000,1.0000,0.000,1;0.0000,0.1375,0.938,1;0.9911,0.9911,0.000,1;0.0000,0.0063,0.438,1;0.0089,0.1375,1.000,1;0.9821,0.9821,0.000,1;0.0536,0.0911,0.500,1;0.9911,0.9911,0.000,1;0.1250,0.1393,0.812,1;0.8750,0.8750,0.000,1;1.0000,1.0000,0.000,1;0.0089,0.0839,0.438,1;1.0000,1.0000,0.000,1;1.0000,1.0000,0.062,1;0.9732,0.9536,0.750,1;0.0000,0.0813,0.875,1;1.0000,1.0000,0.000,1;0.0804,0.0804,0.000,0;1.0000,1.0000,0.000,1;0.8036,0.6250,0.875,1;1.0000,1.0000,0.000,1;0.0000,0.0000,0.000,1;0.0000,0.0688,0.875,1;1.0000,0.9688,0.125,1;0.1071,0.2411,0.938,1;0.9911,0.9911,0.000,1;0.9286,0.8750,0.625,1;0.3750,0.4188,0.938,1;0.0089,0.0750,1.000,0;0.5446,0.4125,1.000,1

rollout level split by whether Q was shown a reference proof
  with ref  n  1542   mean Q 0.5145   mean r 0.4956   BIAS +0.0188   corr 0.6876   MAE 0.2159
  no ref    n   143   mean Q 0.0231   mean r 0.0090   BIAS +0.0141   corr -0.0009   MAE 0.0301

baselines on the matched groups
  constant predictor (mean r)      MAE 0.4002
  Q                                MAE 0.1212
